H:0.0937509536743164:0.07812690734863281
O:0.15625214576721191:0.0781259536743164
A:0.16364598274230957:0.0781259536743164
M:0.10114479064941406:0.06250119209289551
S:0.10114598274230957:0.046875953674316406
Space:0.12499809265136719:0.1949019432067871
T:0.1093759536743164:0.1250011920928955
C:0.10940980911254883:0.2343151569366455
H:0.12503314018249512:0.10940980911254883
A:0.125:0.3750300407409668
K:0.2031269073486328:0.5215420722961426
O:0.0625:0.1718769073486328
O:0.046875:0.42188405990600586
Space:0.10937714576721191:0.3593759536743164
S:0.09374499320983887:0.0
H:0.09375786781311035:0.2499990463256836
E:0.12499308586120605:0.10938596725463867
R:0.10937690734863281:0.07811403274536133
I:0.1250011920928955:0.03125286102294922
N:0.11139702796936035:0.09375
Space:0.14061903953552246:0.11139702796936035
