J:0.1093759536743164:0.23445796966552734 O:0.1250019073486328:0.0937509536743164 S:0.09375214576721191:0.1406269073486328 H:0.078125:0.09375214576721191 Y:0.0625:0.1875019073486328 Space:0.08258199691772461:1.0671350955963135 
Return:0.09375190734863281:0.2457289695739746 Space:0.10937690734863281:0.7031350135803223 
A:0.1188960075378418:0.6406338214874268 N:0.0836629867553711:0.1188960075378418 D:0.12505412101745605:0.05236101150512695 Space:0.09375190734863281:0.14067816734313965 
N:0.1015634536743164:0.24219155311584473 A:0.1406269073486328:0.078125 V:0.10940384864807129:0.21872496604919434 E:0.07809782028198242:0.2031550407409668 E:0.06636404991149902:0.14063692092895508 N:0.10937714576721191:0.22261595726013184 Space:0.1250019073486328:0.20312809944152832 
N:0.1015634536743164:0.24219155311584473 E:0.1250019073486328:0.2812540531158447 V:0.12951993942260742:0.21872591972351074 E:0.18755197525024414:0.12951993942260742 R:0.14062714576721191:0.14067697525024414 Space:0.1406259536743164:0.15625214576721191 
T:0.1093904972076416:0.2601073980331421 H:0.1249765157699585:0.0547025203704834 I:0.10937690734863281:0.0937509536743164 S:0.12503409385681152:0.0937190055847168 Space:0.09378409385681152:0.1406259536743164 
T:0.1093904972076416:0.2601073980331421 H:0.1249765157699585:0.0547025203704834 O:0.18755102157592773:0.09370207786560059 M:0.15630102157592773:0.1406269073486328 A:0.15621709823608398:0.09380006790161133 S:0.15625214576721191:0.0625009536743164 Space:0.09375190734863281:0.18750214576721191 
C:0.15625250339508057:0.32817697525024414 A:0.1406269073486328:0.10937714576721191 N:0.0937509536743164:0.12500286102294922 Space:0.1250011920928955:0.1562509536743164 
C:0.15625250339508057:0.32817697525024414 H:0.07812714576721191:0.1093759536743164 A:0.12505102157592773:0.09370303153991699 C:0.14062714576721191:0.25005197525024414 K:0.20312714576721191:0.0625009536743164 O:0.12943577766418457:0.1562511920928955 Space:0.16086292266845703:0.11381196975708008 
B:0.10940194129943848:0.1406259536743164 E:0.1406269073486328:0.15633010864257812 Space:0.10937809944152832:0.1562519073486328 
R:0.2031269073486328:0.15625309944152832 E:0.15627503395080566:0.0937509536743164 P:0.14062786102294922:0.1719529628753662 E:0.1562509536743164:0.1250019073486328 A:0.15625214576721191:0.1562509536743164 T:0.1875019073486328:0.12500309944152832 E:0.17635607719421387:0.1406259536743164 D:0.12500309944152832:0.23885607719421387 Space:0.1093759536743164:0.8716130256652832 
S:0.1406261920928955:0.0 H:0.10937690734863281:0.12500214576721191 E:0.10937690734863281:0.125 R:0.10933804512023926:0.07812690734863281 I:0.0937340259552002:0.046875953674316406 N:0.14062905311584473:0.06246209144592285 Space:0.1250019073486328:0.20316505432128906 
