C:0.10656619071960449:0.29693102836608887 H:0.10529708862304688:0.18344402313232422 A:0.10941791534423828:0.20306110382080078 C:0.12803292274475098:0.20327496528625488 K:0.14412593841552734:0.05744194984436035 O:0.17038989067077637:0.08289504051208496 Space:0.135606050491333:0.15885090827941895 
S:0.08577203750610352:0.0 H:0.1011819839477539:0.16080403327941895 E:0.1263890266418457:0.2158520221710205 R:0.1028130054473877:0.07270193099975586 I:0.11528801918029785:0.07290911674499512 N:0.09955191612243652:0.07766890525817871 Space:0.13006806373596191:0.20556092262268066 
T:0.10234999656677246:0.1770939826965332 H:0.13586997985839844:0.05396914482116699 O:0.17670178413391113:0.09516406059265137 M:0.1140749454498291:0.13191795349121094 A:0.13271284103393555:0.10291600227355957 S:0.15292906761169434:0.05903983116149902 Space:0.11849093437194824:0.17231512069702148 
