T:0.10937690734863281:0.14062714576721191 
C:0.10937094688415527:0.1875019073486328 
S:0.09374809265136719:0.0 
