average_hold_time:0.0
average_release_time:0.16503477612280112
back_space_factor:0.07510729613733906
