I:0.07815408706665039:0.20309901237487793 S:0.10940098762512207:0.10938000679016113 Space:0.12500691413879395:0.14065217971801758 
A:0.10934710502624512:0.15625381469726562 S:0.1093759536743164:0.18750214576721191 Space:0.1250009536743164:0.1250009536743164 
S:0.08747446537017822:1.0 H:0.07918858528137207:0.11436200141906738 E:0.12038397789001465:0.14642858505249023 R:0.09693002700805664:0.0707329511642456 I:0.12424051761627197:0.04265713691711426 N:0.12122797966003418:0.07982146739959717 Space:0.059088945388793945:0.3059431314468384 
S:0.08747446537017822:1.0 T:0.10937690734863281:0.0 H:0.10937714576721191:0.0781259536743164 I:0.1093759536743164:0.07812714576721191 S:0.1250019073486328:0.1093759536743164 Space:0.09375:0.20312786102294922 Space:0.059088945388793945:0.3059431314468384 
T:0.09324334561824799:0.13701283931732178 H:0.0942147821187973:0.08838076889514923 E:0.09032174944877625:0.08739814162254333 I:0.0671241283416748:0.1562519073486328 S:0.09375190734863281:0.1296250820159912 Space:0.10937809944152832:0.1718769073486328 
T:0.09324334561824799:0.13701283931732178 H:0.0942147821187973:0.08838076889514923 E:0.09032174944877625:0.08739814162254333 Space:0.10545946657657623:0.14087578654289246 
D:0.11263319314457476:0.4605414350517094 A:0.11907537002116442:0.1333870431408286 T:0.11987019842490554:0.13163000182248652 A:0.10610914067365229:0.07976077194325626 Space:0.11383799207396805:0.22640752675943077 
D:0.11263319314457476:0.4605414350517094 E:0.1168060302734375:0.1875019073486328 S:0.12500214576721191:0.22623395919799805 C:0.1094059944152832:0.23434901237487793 R:0.10937714576721191:0.21878290176391602 I:0.09375214576721191:0.078125 B:0.015625953674316406:0.17187714576721191 B:0.03125:0.015625953674316406 E:0.1093759536743164:0.14062809944152832 D:0.10937809944152832:0.2343769073486328 Space:0.1250019073486328:0.18750309944152832 
