average_hold_time:0.08144828841277277
average_release_time:0.12445348142300486
